Gradient Method
A0: [[ 0.30537702 -1.27848477]
 [ 0.09917771 -0.79348235]], 
A1: [[ 7.06560518 -2.34153755]
 [-2.97585763 -0.12894659]], 
A2: [[ 6.71094118 -2.14444838]
 [-2.23760159 -0.19308049]], 
A5: [[ 3.87796114 -2.24574835]
 [-0.31943859  0.39764654]], 
A10: [[-0.93114299 -4.08838155]
 [-1.35043891  5.94315124]] 
metric0: 2.3115881023657874, 
metric1: 7.239103072018353, 
metric2: 6.606346189251264, 
metric5: 3.7136123537144345, 
metric10: 6.833930525004423 
EM Method
A0: [[-0.8365769  -0.38032715]
 [-1.71263444 -0.08200944]], 
A1: [[ 0.00884221 -0.36182286]
 [-1.48758264  0.29698788]], 
A2: [[ 0.20030155 -0.31847894]
 [-1.13537066  0.46364449]], 
A5: [[ 0.70904238 -0.10704564]
 [-0.15101585  0.8939449 ]], 
A10: [[ 0.8244912  -0.06095882]
 [-0.01320193  0.95350935]] 
metric0: 2.7607108844712442, 
metric1: 1.9545939922790587, 
metric2: 1.522396210728345, 
metric5: 0.36078882728949685, 
metric10: 0.19197652645940813 


Gradient Method
A0: [[0.42014422 0.73341676]
 [0.41851932 0.42960959]], 
A1: [[ 0.73575457 -0.12072209]
 [-0.03776088  1.13375264]], 
A2: [[ 0.74075969  0.06932899]
 [-0.11602765  0.92297091]], 
A5: [[ 0.77550294  0.06069291]
 [-0.24873173  0.883825  ]], 
A10: [[ 0.77998488  0.06261461]
 [-0.27411678  0.87882422]] 
metric0: 1.0791604529744365, 
metric1: 0.3124364925176568, 
metric2: 0.21012868468351212, 
metric5: 0.28515302947251614, 
metric10: 0.3064516953022826 
EM Method
A0: [[0.84560591 0.78833832]
 [0.50647092 0.18152978]], 
A1: [[ 0.81987414 -0.00133916]
 [-0.02388693  0.89797127]], 
A2: [[ 0.76460557 -0.0668409 ]
 [-0.12012798  0.91476936]], 
A5: [[ 0.74630101 -0.07828969]
 [-0.15263676  0.90406132]], 
A10: [[ 0.74626643 -0.07836268]
 [-0.15348977  0.90368152]] 
metric0: 1.1820102683693532, 
metric1: 0.08364596662904383, 
metric2: 0.1935154321860108, 
metric5: 0.23036304551667997, 
metric10: 0.2309705222088801 


Experiment Results
      Method  Iteration                                                                                         A    Metric
0   Gradient          0      [[0.5721050468655636, 0.16505617388925786], [0.50558015981077, 0.10119304916617178]]  1.014131
1   Gradient          1      [[0.8416393665047696, 0.0882876638456368], [0.0764978853738193, 0.5237310018276861]]  0.398285
2   Gradient          2   [[0.855936158021014, 0.0823731200902843], [-0.0039376439774151395, 0.7129483159517934]]  0.209119
3   Gradient          3     [[0.855804949716931, 0.08749907670012946], [-0.01618232394249397, 0.779709176335304]]  0.156016
4   Gradient          4  [[0.8553365710631812, 0.09168056791118617], [-0.019508880587827737, 0.8065815299635818]]  0.139670
5   Gradient          5   [[0.8550608757450578, 0.09437010946153934], [-0.02070411821042406, 0.8180473821124127]]  0.134425
6   Gradient          6   [[0.8549137613536192, 0.09597224296472306], [-0.02120087763906675, 0.8230715530810943]]  0.132706
7   Gradient          7   [[0.8548354617105548, 0.09688868702092479], [-0.02142361661682124, 0.8253039698468586]]  0.132158
8   Gradient          8  [[0.8547936037521328, 0.09739941774337824], [-0.021527623738811674, 0.8263046281065857]]  0.132003
9   Gradient          9   [[0.8547711846568024, 0.0976789003429589], [-0.021577317918136107, 0.8267562381809642]]  0.131974
10  Gradient         10  [[0.8547592285613251, 0.09782975969888541], [-0.021601390445730506, 0.8269612566949166]]  0.131980
11        EM          0    [[0.5726378740292014, 0.9974527148689988], [0.49659178278616944, 0.40138520664900523]]  1.263843
12        EM          1    [[0.7987779285636234, 0.19475546500501595], [0.12183512226215079, 0.7678557560990503]]  0.283693
13        EM          2    [[0.8572290173549553, 0.05787014376358127], [0.06440480786312405, 0.8331204654752787]]  0.117470
14        EM          3         [[0.8710118113092, 0.0321431333269037], [0.0564045224787238, 0.8439845361969536]]  0.090514
15        EM          4     [[0.874148144706939, 0.02704438664813783], [0.05540573068932182, 0.8457047646434869]]  0.086125
16        EM          5    [[0.8748478055431872, 0.02600118947886559], [0.055309552998150144, 0.845958201836959]]  0.085372
17        EM          6   [[0.8750024770093864, 0.02578290624365099], [0.055308706082923126, 0.8459912430766005]]  0.085239
18        EM          7    [[0.8750365654827745, 0.025736468622375143], [0.05531191622140999, 0.845994454416766]]  0.085215
19        EM          8     [[0.8750440783865271, 0.025726466984754653], [0.05531319948868769, 0.84599444282425]]  0.085210
20        EM          9   [[0.8750457365083125, 0.025724292977241332], [0.05531358124932776, 0.8459943137306203]]  0.085210
21        EM         10   [[0.8750461031568991, 0.02572381716803638], [0.055313682602095765, 0.8459942630418348]]  0.085209

Experiment Results
      Method  Iteration                                                                                            A    Metric
0   Gradient          0         [[0.6385294337092281, 0.4973974038341019], [0.1838095592241955, 0.7819967625804691]]  0.602894
1   Gradient          1        [[0.6573536180226446, 0.1554058302619431], [0.03299054074103358, 0.9355094639726429]]  0.292194
2   Gradient          2      [[0.6875140376655698, 0.11397533085727429], [-0.03969881367867467, 0.9313536814555972]]  0.246373
3   Gradient          3       [[0.7025834804667473, 0.10629925191932654], [-0.0706296401191282, 0.9373161915831714]]  0.238021
4   Gradient          4      [[0.7090873735292197, 0.10401540938363707], [-0.08505077996289012, 0.9418802072436063]]  0.237180
5   Gradient          5      [[0.7118117679642827, 0.10317475862865633], [-0.09212965295647857, 0.9443814302470981]]  0.237734
6   Gradient          6      [[0.7129296864882425, 0.10285923547525255], [-0.09567830279467282, 0.9456729173802285]]  0.238360
7   Gradient          7      [[0.7133732621591852, 0.10274912304629635], [-0.09747563638722179, 0.9463325846267379]]  0.238820
8   Gradient          8      [[0.7135391481429186, 0.10271739311173389], [-0.09839181629705829, 0.9466695594859755]]  0.239118
9   Gradient          9      [[0.7135945803134026, 0.10271314449272706], [-0.09886109655837183, 0.9468421196910766]]  0.239300
10  Gradient         10      [[0.7136085961961006, 0.10271688408801294], [-0.09910245021511921, 0.9469307482180864]]  0.239408
11  Gradient         11      [[0.7136087356709643, 0.10272172517733436], [-0.09922701759261665, 0.9469764566351058]]  0.239471
12  Gradient         12      [[0.7136053322458386, 0.10272562332119362], [-0.09929153157337689, 0.9470000362329427]]  0.239506
13  Gradient         13      [[0.7136018851601923, 0.10272836155849274], [-0.09932504912705165, 0.9470123076365906]]  0.239527
14  Gradient         14      [[0.7135992649400625, 0.10273011512714658], [-0.09934249950366913, 0.9470186769889677]]  0.239538
15  Gradient         15      [[0.7135975095833421, 0.10273119039487921], [-0.09935160634778706, 0.9470219683572976]]  0.239544
16  Gradient         16      [[0.7135963860357654, 0.10273185439058563], [-0.09935637866794034, 0.9470237076207366]]  0.239548
17  Gradient         17       [[0.7135957065428377, 0.10273222274728011], [-0.09935885673109235, 0.947024656526686]]  0.239550
18  Gradient         18      [[0.7135953295434708, 0.10273242778724734], [-0.09936019083203584, 0.9470251071377971]]  0.239551
19  Gradient         19       [[0.7135951028968085, 0.10273255891746869], [-0.0993608804577577, 0.9470253479405597]]  0.239551
20  Gradient         20       [[0.713594978025076, 0.10273260660118166], [-0.09936124389707013, 0.9470254599972916]]  0.239551
21        EM          0     [[0.049011871107180305, 0.41960048966194496], [0.5609564279369998, 0.46766707846007505]]  1.183989
22        EM          1  [[0.9011164114444599, 0.058343116724411184], [-0.0037859822276408665, 0.38171930593148534]]  0.521569
23        EM          2    [[0.9377470018017847, -0.12413040610460649], [-0.03595572902736363, 0.37945072378701983]]  0.537678
24        EM          3     [[0.9324241449876538, -0.21391900048897453], [-0.03937406574452994, 0.3975903341366104]]  0.548433
25        EM          4      [[0.9280455859824375, -0.2572930260828609], [-0.03979589752787216, 0.4129174291558393]]  0.553009
26        EM          5     [[0.9257278095245934, -0.27822465809252167], [-0.03972379040231416, 0.4224518982986006]]  0.554708
27        EM          6       [[0.9245687904945228, -0.2883786688423093], [-0.03960745503716095, 0.427753142494261]]  0.555294
28        EM          7   [[0.9239961719348859, -0.29333184682869595], [-0.039525970138762294, 0.43054754920493876]]  0.555488
29        EM          8    [[0.9237140389466028, -0.2957582868128797], [-0.039478629038732435, 0.43197951973048004]]  0.555551
30        EM          9    [[0.9235750647936842, -0.29695034204376297], [-0.039453173360454744, 0.4327018425781336]]  0.555571
31        EM         10       [[0.9235065818741938, -0.2975370392275106], [-0.0394399998615265, 0.4330629210140219]]  0.555578
32        EM         11     [[0.9234728197184948, -0.2978261207917613], [-0.039433320794730074, 0.4332424719608953]]  0.555580
33        EM         12   [[0.9234561686789562, -0.29796865649636706], [-0.039429972908409286, 0.43333148141812305]]  0.555581
34        EM         13       [[0.9234479543916936, -0.2980389645936038], [-0.03942830565377229, 0.433375526633092]]  0.555581
35        EM         14     [[0.9234439013835762, -0.29807365372982747], [-0.03942747846181296, 0.4333972986747926]]  0.555581
36        EM         15    [[0.9234419013545191, -0.29809077140771356], [-0.03942706894930729, 0.43340805410560435]]  0.555581
37        EM         16     [[0.9234409143309361, -0.2980992190132224], [-0.03942686647082374, 0.43341336535562003]]  0.555581
38        EM         17      [[0.923440427207671, -0.29810338813400916], [-0.03942676643158864, 0.4334159875923091]]  0.555581
39        EM         18     [[0.9234401867921247, -0.2981054457689762], [-0.03942671702612949, 0.43341728206235725]]  0.555581
40        EM         19      [[0.9234400681350281, -0.2981064613155127], [-0.03942669263283908, 0.4334179210314686]]  0.555581
41        EM         20    [[0.9234400095712093, -0.29810696254407876], [-0.039426680590742606, 0.4334182364221277]]  0.555581

Experiment Results
       Method Size  Iteration                                                                                                                                                                                                                                                                                                                                                                      A        Metric
0    Gradient  2x2          0                                                                                                                                                                                                                                                                                  [[0.09681776453503754, 0.4709303243395939], [0.6130569600417834, 0.8534401885911915]]      1.115744
1    Gradient  2x2          1                                                                                                                                                                                                                                                                                 [[0.33416334082135346, 0.25231900944682506], [0.3858747356488925, 0.8112894713625405]]      0.735258
2    Gradient  2x2          2                                                                                                                                                                                                                                                                                    [[0.501743632450191, 0.10188543930026439], [0.207194122011922, 0.7728134363636467]]      0.477593
3    Gradient  2x2          3                                                                                                                                                                                                                                                                                 [[0.5959271742845454, 0.01282739772769359], [0.08531130337264359, 0.7369254424914811]]      0.355663
4    Gradient  2x2          4                                                                                                                                                                                                                                                                              [[0.6465114607358852, -0.038937764770065275], [0.005810836787484286, 0.7086013488218281]]      0.320062
5    Gradient  2x2          5                                                                                                                                                                                                                                                                                 [[0.674415745853869, -0.06941233069327923], [-0.04565014458153427, 0.688775955487797]]      0.320009
6    Gradient  2x2          6                                                                                                                                                                                                                                                                                  [[0.690327723592011, -0.08748458751169297], [-0.0789658180520314, 0.675821660806248]]      0.328797
7    Gradient  2x2          7                                                                                                                                                                                                                                                                               [[0.6996327602187672, -0.09821779147413823], [-0.10057991697344959, 0.6676968324676249]]      0.337453
8    Gradient  2x2          8                                                                                                                                                                                                                                                                               [[0.7051644419203081, -0.10458156007034036], [-0.11464127200547636, 0.6627357357859704]]      0.343999
9    Gradient  2x2          9                                                                                                                                                                                                                                                                               [[0.7084845505537966, -0.10834159265895638], [-0.12381595979336679, 0.6597658468157146]]      0.348510
10   Gradient  2x2         10                                                                                                                                                                                                                                                                               [[0.7104863366926589, -0.11055245279957804], [-0.12981963577572286, 0.6580176878700126]]      0.351491
11   Gradient  2x2         11                                                                                                                                                                                                                                                                               [[0.7116944107343012, -0.11184439057641926], [-0.13375931746218384, 0.6570055291734729]]      0.353420
12   Gradient  2x2         12                                                                                                                                                                                                                                                                               [[0.7124222478246817, -0.11259342066868472], [-0.13635151228759468, 0.6564301372485328]]      0.354656
13   Gradient  2x2         13                                                                                                                                                                                                                                                                                [[0.7128590521111188, -0.11302335610188807], [-0.1380614519667256, 0.6561103029156197]]      0.355442
14   Gradient  2x2         14                                                                                                                                                                                                                                                                               [[0.7131196984496934, -0.11326701034367348], [-0.13919215743321955, 0.6559376988947019]]      0.355942
15   Gradient  2x2         15                                                                                                                                                                                                                                                                               [[0.7132740220200072, -0.11340270865575208], [-0.13994159061353684, 0.6558484474947885]]      0.356259
16   Gradient  2x2         16                                                                                                                                                                                                                                                                                [[0.7133644780274632, -0.11347653735382979], [-0.1404394117499146, 0.6558053289003123]]      0.356460
17   Gradient  2x2         17                                                                                                                                                                                                                                                                               [[0.7134168132884521, -0.11351537096952002], [-0.14077079209623888, 0.6557869623260171]]      0.356589
18   Gradient  2x2         18                                                                                                                                                                                                                                                                                [[0.7134466060738783, -0.11353477347283247], [-0.14099181595616073, 0.655781307335344]]      0.356670
19   Gradient  2x2         19                                                                                                                                                                                                                                                                                [[0.7134631737804308, -0.1135436092647919], [-0.14113950702544797, 0.6557817615227304]]      0.356723
20   Gradient  2x2         20                                                                                                                                                                                                                                                                                [[0.7134721049401856, -0.11354696142988674], [-0.1412384035002583, 0.6557847423509156]]      0.356756
21         EM  2x2          0                                                                                                                                                                                                                                                                                    [[0.9101431355727785, 0.4666096492380889], [0.963046915544521, 0.9370114517692927]]      1.070821
22         EM  2x2          1                                                                                                                                                                                                                                                                                  [[0.7748206528329167, 0.0619757506149691], [0.15874078821075902, 0.9339647471644096]]      0.214157
23         EM  2x2          2                                                                                                                                                                                                                                                                                [[0.7893748711488379, 0.018158378868146138], [-0.03951341523463944, 0.912671352289098]]      0.119539
24         EM  2x2          3                                                                                                                                                                                                                                                                               [[0.7980618166724519, 0.014782709930683618], [-0.07810109862486488, 0.9070886650400289]]      0.129460
25         EM  2x2          4                                                                                                                                                                                                                                                                                 [[0.8008736673390733, 0.014877254148369547], [-0.085479315702709, 0.9059453768780783]]      0.131869
26         EM  2x2          5                                                                                                                                                                                                                                                                               [[0.8016455078434975, 0.015010947900313135], [-0.08689741305354352, 0.9057299406526003]]      0.132223
27         EM  2x2          6                                                                                                                                                                                                                                                                               [[0.8018411485512839, 0.015056375951390626], [-0.08717283524252717, 0.9056905869765998]]      0.132262
28         EM  2x2          7                                                                                                                                                                                                                                                                               [[0.8018884693423938, 0.015068750104582883], [-0.08722695926630152, 0.9056834654172509]]      0.132264
29         EM  2x2          8                                                                                                                                                                                                                                                                               [[0.8018995738069779, 0.015071836923799858], [-0.08723772183302343, 0.9056821756503448]]      0.132263
30         EM  2x2          9                                                                                                                                                                                                                                                                               [[0.8019021262170022, 0.015072572553170726], [-0.08723988642095662, 0.9056819406614125]]      0.132263
31         EM  2x2         10                                                                                                                                                                                                                                                                                [[0.8019027043331488, 0.015072743121216448], [-0.08724032639592635, 0.905681897466657]]      0.132263
32         EM  2x2         11                                                                                                                                                                                                                                                                               [[0.8019028338772713, 0.015072781964983203], [-0.08724041668828642, 0.9056818894421855]]      0.132263
33         EM  2x2         12                                                                                                                                                                                                                                                                               [[0.8019028626744051, 0.015072790700894744], [-0.08724043537705747, 0.9056818879338808]]      0.132263
34         EM  2x2         13                                                                                                                                                                                                                                                                                [[0.8019028690373331, 0.01507279264787899], [-0.08724043927419643, 0.9056818876468334]]      0.132263
35         EM  2x2         14                                                                                                                                                                                                                                                                                [[0.801902870436786, 0.015072793078897017], [-0.08724044009208072, 0.9056818875915035]]      0.132263
36         EM  2x2         15                                                                                                                                                                                                                                                                               [[0.8019028707434837, 0.015072793173830427], [-0.08724044026466285, 0.9056818875807005]]      0.132263
37         EM  2x2         16                                                                                                                                                                                                                                                                                [[0.8019028708105128, 0.015072793194658282], [-0.0872404403012459, 0.9056818875785652]]      0.132263
38         EM  2x2         17                                                                                                                                                                                                                                                                               [[0.8019028708251305, 0.015072793199214132], [-0.08724044030903022, 0.9056818875781375]]      0.132263
39         EM  2x2         18                                                                                                                                                                                                                                                                                [[0.8019028708283125, 0.015072793200208327], [-0.08724044031069159, 0.905681887578051]]      0.132263
40         EM  2x2         19                                                                                                                                                                                                                                                                               [[0.8019028708290048, 0.015072793200424862], [-0.08724044031104711, 0.9056818875780339]]      0.132263
41         EM  2x2         20                                                                                                                                                                                                                                                                                [[0.801902870829155, 0.015072793200471979], [-0.08724044031112328, 0.9056818875780307]]      0.132263
42   Gradient  3x3          0                                                                                                                                                                            [[0.8125742983542886, 0.8817016021414841, 0.2774974474616392], [0.3560025403009681, 0.049272287314936825, 0.969093656099194], [0.9881771899057704, 0.1139943166012235, 0.9225608432902658]]      1.908314
43   Gradient  3x3          1                                                                                                                                                                      [[1.2371255171023812, 0.23164941231451874, -0.23325952199026512], [-0.04554664998185354, 0.48691125554423065, 0.8739949892524418], [0.7172611451937038, 0.27813665702290014, 1.0633904362334574]]      1.332978
44   Gradient  3x3          2                                                                                                                                                                        [[1.137870655628344, 0.14535166184149628, -0.19220065754577087], [-0.16429070292842107, 0.6223726008592102, 0.5963067840102848], [0.6141118279887515, 0.27119438483662084, 0.9689485082640017]]      1.014758
45   Gradient  3x3          3                                                                                                                                                                       [[1.0474319991194214, 0.06781380484543686, -0.15350433495565818], [-0.21203978269231039, 0.6680739518759701, 0.38643948540722695], [0.509319575805791, 0.27309844322319254, 0.8662361750616396]]      0.795684
46   Gradient  3x3          4                                                                                                                                                                      [[0.9642738860570397, 0.005592411856278234, -0.11982176136895584], [-0.23997040933799463, 0.70433906806092, 0.26941835687195625], [0.42522442557347595, 0.26008720934207663, 0.7798621455444659]]      0.670723
47   Gradient  3x3          5                                                                                                                                                                   [[0.8945395585619416, -0.048888826270476526, -0.09587789197191166], [-0.24903986419421154, 0.7263822719959471, 0.20911411747967568], [0.35691714503300964, 0.24625065695311055, 0.7279968360676135]]      0.604251
48   Gradient  3x3          6                                                                                                                                                                    [[0.8367883574687447, -0.09314768527902717, -0.07771471199318336], [-0.24883980478379408, 0.7419107888398621, 0.17962533973788586], [0.30481951155198395, 0.22977561089958176, 0.7019035784764851]]      0.568194
49   Gradient  3x3          7                                                                                                                                                                      [[0.7906255323909726, -0.12880704690970535, -0.06377023701294826], [-0.24398236477035562, 0.7526771283281896, 0.1646816934708294], [0.2651485189093429, 0.21246906701292023, 0.6913283081962431]]      0.547689
50   Gradient  3x3          8                                                                                                                                                                      [[0.7543923307680096, -0.15695219439722652, -0.05287419595494436], [-0.2376477116461424, 0.7607054632661793, 0.1568192559543785], [0.23444928631616413, 0.19569901149536595, 0.6888006516969467]]      0.535698
51   Gradient  3x3          9                                                                                                                                                                       [[0.726332676830193, -0.17892493074096794, -0.04438767452463077], [-0.2312770629044203, 0.7668738296760175, 0.1524170096281704], [0.21011922166181385, 0.18042246769930348, 0.6900695582157637]]      0.528546
52   Gradient  3x3         10                                                                                                                                                                      [[0.7047628939621653, -0.19591527571238632, -0.0377978138692634], [-0.22552675369414965, 0.7717247793024334, 0.1497906049962875], [0.19047257520688354, 0.16698312252576575, 0.6928709883945698]]      0.524165
53   Gradient  3x3         11                                                                                                                                                                         [[0.688261456089517, -0.20898048439331407, -0.0327010663293259], [-0.2206132531839935, 0.7755644842090014, 0.1481178632721093], [0.17439701065851032, 0.1554077859577082, 0.6960937065309549]]      0.521356
54   Gradient  3x3         12                                                                                                                                                                        [[0.6756714035295452, -0.21899074361927862, -0.02876691437065171], [-0.21655455592307726, 0.778603699900389, 0.1469927195476156], [0.16113378044647753, 0.1455601663869165, 0.699227384874102]]      0.519432
55   Gradient  3x3         13                                                                                                                                                                      [[0.6660800792746748, -0.22664496907301301, -0.02573303562327789], [-0.2132778126954613, 0.7809975218532536, 0.14620463292978447], [0.1501352650342661, 0.13724400713856444, 0.7020649878545369]]      0.518004
56   Gradient  3x3         14                                                                                                                                                                      [[0.6587781410202886, -0.2324914191783225, -0.023393686960633264], [-0.21067734609577338, 0.7828692125894058, 0.14563869101859372], [0.1409872344924289, 0.1302517266553186, 0.7045446507404263]]      0.516864
57   Gradient  3x3         15                                                                                                                                                                    [[0.6532200674996282, -0.23695507738076205, -0.02158927077631967], [-0.20864240790005306, 0.7843200456390086, 0.14522776527612213], [0.13336461114195763, 0.12438753578628525, 0.7066704455068971]]      0.515901
58   Gradient  3x3         16                                                                                                                                                                       [[0.6489888031505551, -0.2403627131067967, -0.02019662501494901], [-0.20706955343238542, 0.785433634444319, 0.1449293278174263], [0.12700589729902922, 0.11947663040648326, 0.7084736218680332]]      0.515057
59   Gradient  3x3         17                                                                                                                                                                    [[0.6457666596401985, -0.2429645487506693, -0.019121004368360506], [-0.20586799003403167, 0.7862792216746065, 0.14471458242498547], [0.12169763895181596, 0.11536728130470142, 0.7099939860640729]]      0.514306
60   Gradient  3x3         18                                                                                                                                                                      [[0.6433120688893403, -0.24495158157579655, -0.01828962690867053], [-0.20496090390705968, 0.7869137238284502, 0.14456280695323576], [0.117263878532328, 0.11192992917078659, 0.7112715400294105]]      0.513632
61   Gradient  3x3         19                                                                                                                                                                     [[0.64144158700989, -0.24646951630048508, -0.017646466598096655], [-0.20428462308818007, 0.7873832683525442, 0.14445842461738712], [0.11355895881971001, 0.10905495174977109, 0.7123430598298723]]      0.513028
62   Gradient  3x3         20                                                                                                                                                                    [[0.6400157819739114, -0.24762932489894385, -0.017148472177512364], [-0.20378755673054139, 0.7877253179302833, 0.1443896632090581], [0.11046187772845506, 0.10665017371813879, 0.7132408869806381]]      0.512489
63         EM  3x3          0                                                                                                                                                                            [[0.21418167778072572, 0.8085581697396902, 0.04282432270054515], [0.727411523641082, 0.6164942312261974, 0.8566760716566916], [0.6813656517080692, 0.9072060880584011, 0.8007663518188068]]      1.940740
64         EM  3x3          1                                                                                                                                                                          [[21.365193666290985, 14.14014751854507, 17.007396093792657], [-16.711117927283176, -10.627852240848728, -13.888342915693583], [-6.784030063949211, -4.5558879980953595, -4.690194630473949]]     40.138358
65         EM  3x3          2                                                                                                                                                                                [[-3923.099855570601, 7943.146072683268, -2373.220378419293], [-2933.929756397995, 5939.819803311076, -1774.3596406686], [-3331.8877951355644, 6744.436583340559, -2014.1002793899722]]  13849.177267
66         EM  3x3          3                                                                                                                                                                                 [[108.14469674605903, 70.00711148688187, 55.402555643832095], [-233.0671625472657, -152.37479945706957, -124.3779276819721], [81.7304581534488, 54.47376349585258, 47.05601587064139]]    352.892102
67         EM  3x3          4                                                                                                                                                                                  [[110.55790860720934, -139.2604269277507, 4.179610704519652], [85.122658052861, -107.1033280701603, 3.1405150925497494], [74.59607142081981, -94.48689956285756, 3.5813238034399575]]    254.667977
68         EM  3x3          5                                                                                                                                                                      [[-0.3460097533605162, 0.1046843892264202, 12.342135473652695], [0.6225928654435534, -0.07261326248254135, -17.06539048108708], [-0.03911400138328584, 0.008024505629894645, 1.0816686317781303]]     21.130252
69         EM  3x3          6                                                                                                                                                                           [[-0.04694051504991115, 0.08042772566692712, -0.7626794351537], [1.5252461910916177, 0.7040929477267535, 1.3462618920572826], [2.358841750125157, -0.39213392726421564, 2.5355394542616287]]      3.748988
70         EM  3x3          7                                                                                                                                                                          [[-0.8717370690508935, -0.8477062168219976, -1.1254524470882061], [1.0241764872308912, 1.3749729031756575, 0.6239810820684093], [0.7720041961114255, 0.23208353690560216, 1.372677699180906]]      2.767936
71         EM  3x3          8                                                                                                                                                                       [[0.11966565889689962, -0.3184684041954588, -0.6026443765461968], [0.2955399019371245, 1.0077064449360609, 0.19853381128913739], [0.1311233774998127, -0.05150532286716548, 1.0150193225343724]]      1.115778
72         EM  3x3          9                                                                                                                                                                      [[0.4113654203652284, -0.14235356917703243, -0.4297379205049092], [0.13776855166014382, 0.9194130729481883, 0.095970973453185], [-0.06082553470738185, -0.13096176153978667, 0.8794476806782957]]      0.702527
73         EM  3x3         10                                                                                                                                                                     [[0.5179928130165583, -0.08704314787716562, -0.3564678928802883], [0.09280517561028107, 0.8980144407366563, 0.06279087168876304], [-0.14994776890577086, -0.1577675941948656, 0.8074542342933088]]      0.590825
74         EM  3x3         11                                                                                                                                                                     [[0.561981165339502, -0.06646943977592873, -0.32481766634650855], [0.0783871967028988, 0.8921656291196226, 0.05192281093022535], [-0.19529354360507334, -0.16773089099343585, 0.7697476039847386]]      0.562425
75         EM  3x3         12                                                                                                                                                                    [[0.5813590385332138, -0.0577922859004359, -0.31064103145884986], [0.07367194616711006, 0.8903834441856964, 0.04844410385291302], [-0.21850378072921614, -0.17176350530169526, 0.7504031207350628]]      0.555754
76         EM  3x3         13                                                                                                                                                                    [[0.5902377126044531, -0.053854276304577016, -0.30409766143601935], [0.07220001865304343, 0.8898019239061496, 0.0474134225127183], [-0.23026843322066667, -0.1735191800053543, 0.7406222602739448]]      0.554461
77         EM  3x3         14                                                                                                                                                                  [[0.5944081245187894, -0.051995170893301926, -0.30101238508975187], [0.07179992990494394, 0.8896087267431707, 0.047167072788850045], [-0.23617796952043787, -0.1743248134318299, 0.7357221837840423]]      0.554385
78         EM  3x3         15                                                                                                                                                                     [[0.5963987000510355, -0.05109900330624374, -0.2995363928151019], [0.07173159771056208, 0.8895469226444092, 0.04714923745302159], [-0.2391285324494209, -0.17470678822981398, 0.7332806999308965]]      0.554513
79         EM  3x3         16                                                                                                                                                                     [[0.5973588517901629, -0.05066216837585824, -0.29882337019988015], [0.07175006876473224, 0.8895294464935051, 0.04718238667561173], [-0.24059635802879673, -0.174891277632261, 0.7320679991968705]]      0.554628
80         EM  3x3         17                                                                                                                                                                  [[0.5978252257589812, -0.050447930059531756, -0.2984766539521308], [0.07178057590926881, 0.8895261075046161, 0.047215957018954195], [-0.24132503621649368, -0.17498128013057954, 0.7314666674060725]]      0.554702
81         EM  3x3         18                                                                                                                                                                   [[0.5980528350887988, -0.05034249719563904, -0.2983072993321015], [0.07180448070706753, 0.8895266500481633, 0.047239652812624974], [-0.24168635718838818, -0.17502542431959112, 0.7311687547743508]]      0.554744
82         EM  3x3         19                                                                                                                                                                       [[0.598164286490342, -0.050290505197568, -0.29822431671232263], [0.07181996267111063, 0.8895278339849784, 0.04725431872658246], [-0.24186540980327953, -0.1750471405709558, 0.7310212259193428]]      0.554767
83         EM  3x3         20                                                                                                                                                                        [[0.5982189903537285, -0.05026483434338448, -0.29818356348260644], [0.0718291447931753, 0.88952880307761, 0.04726280124310737], [-0.2419541112383324, -0.1750578423388735, 0.7309481813913862]]      0.554779
84   Gradient  4x4          0                       [[0.8902683111673696, 0.7362714115917911, 0.6565601884985285, 0.04254984883046731], [0.08921189158792064, 0.43259865959348964, 0.6719210412853793, 0.12902304608437265], [0.12608670648788034, 0.14833362223174862, 0.9364827197899257, 0.5634938978516538], [0.6356196681419708, 0.35261713078039936, 0.3177249424430789, 0.19323454037635135]]      1.776287
85   Gradient  4x4          1                      [[1.648751780653606, 1.011576384717249, -0.3187358916139288, -0.07361113997721092], [1.4741701587998346, 1.151200482446578, -0.9454624387866422, -0.11707705181029593], [-0.49321377816940726, -0.1500204670283527, 1.5268848461021816, 0.5541867582985242], [-0.35537144742809756, -0.2699260253666038, 1.308656393763727, 0.43859105542628574]]      2.815194
86   Gradient  4x4          2                    [[1.5844207110649449, 0.8764794920027486, -0.3789714813565893, -0.05571134174787418], [0.6678835853898004, 1.13119146024051, 0.07770588663755218, -0.10055653858867442], [-0.5637348273708958, -0.15631202785703846, 1.5155143129562174, 0.46451325406516386], [0.33910903133548276, -0.3623940486667747, 0.23313707041472798, 0.4760606101187925]]      1.821072
87   Gradient  4x4          3                  [[0.9959641399628025, 0.6426541064322224, 0.36256871220114995, -0.014230360934370911], [0.4751728430354074, 0.9785203466302423, 0.2901760455721454, -0.028412283546598305], [-0.02085095438505591, -0.03526245234939762, 0.5660917746757304, 0.34500575502599073], [0.225449366346965, -0.3280736457763309, 0.28130430656403904, 0.4330698399278383]]      1.248460
88   Gradient  4x4          4                   [[1.2725272777325016, 0.6510244183629981, -0.13981475833412838, -0.049663899192446626], [0.2729832634293512, 0.8154331127292185, 0.4608484622591571, 0.05048428367885793], [-0.8768661597683567, -0.3157229590270252, 1.5701508509849345, 0.371188667316087], [0.4845504293600418, -0.19094983751159855, -0.14095532220869655, 0.34813107535569476]]      1.712414
89   Gradient  4x4          5                   [[0.9767541888004643, 0.4338932656139365, 0.08473258313182164, -0.013892849633330262], [0.5587135061585382, 0.8976592848187952, 0.02188153234658996, 0.04599703460994209], [-0.05475204977537573, 0.1260464024689465, 0.46801698086011756, 0.18486718525374723], [-0.10246865652405246, -0.462040285414278, 0.5203372903439463, 0.3902200496229391]]      1.229051
90   Gradient  4x4          6                  [[1.0577063339597088, 0.3899566479414931, -0.15704684856888484, -0.023784205974871075], [0.08285425155992066, 0.7309124002343683, 0.556586634790285, 0.12700727939668144], [-1.1435700038387913, -0.12640984533760258, 1.8305093037818705, 0.2286842322834809], [1.0024714002767898, -0.20104147011619755, -0.9848204187777578, 0.24221799135534572]]      2.292015
91   Gradient  4x4          7                   [[1.1245738270527226, 0.44399438280763537, -0.34471926990505886, -0.0663387409465851], [0.32202225476140534, 0.9172776321059732, 0.2199722644442157, 0.0698079726106211], [-0.6857709864094395, 0.26872850777175716, 1.2542052852844034, 0.04216159944618536], [-0.04106728933655246, -1.1055103045163746, 0.17258734184235935, 0.5216890907320242]]      1.610756
92   Gradient  4x4          8              [[0.6100740435367924, 0.23691747564973742, 0.22753830846789647, -0.0330120853202881], [0.43546139001483475, 0.9271761782577901, 0.006582435643060602, 0.07496102046283926], [-0.09733450207258643, 0.3590986636426716, 0.42999255535352576, -0.012147895347229709], [0.44039152361548917, -0.745603929108202, -0.46926122230558986, 0.38845019400446223]]      1.407238
93   Gradient  4x4          9                      [[1.5046909454113346, 0.5703273214787474, -0.9820815712546987, -0.25661113178902284], [-0.19874716997509445, 0.6232127256801991, 0.7491829958313541, 0.24609945606502737], [-1.4280550459339756, -0.27747798888418385, 2.064534424517039, 0.2958984455951531], [-0.805643813832631, -1.0819645624814624, 1.1063019700619638, 0.6078782713445883]]      3.024597
94   Gradient  4x4         10                     [[1.2757436784750324, 0.4696747981399527, -0.7936385661697073, -0.3051658838110508], [0.3382744073831514, 0.7646877922228246, 0.12100112107930938, 0.4045776415995046], [-1.1045739630177158, -0.25531861735913464, 1.673482953283671, 0.36217021261537863], [-0.13398130439125522, -0.7025216322599048, 0.38630796152085667, 0.7173992952737074]]      2.025983
95   Gradient  4x4         11                 [[0.7996797713285786, 0.2678473018497458, -0.22550598684307765, -0.33876946634226457], [0.3888524800502733, 0.7603680648020177, -0.00444828304113587, 0.3788923405489608], [-0.4228066781475681, -0.059645404950115166, 0.7538354384635721, 0.3959539278336842], [0.17307238079703824, -0.4481678407846088, -0.02631416243582363, 0.6345277613434057]]      1.106413
96   Gradient  4x4         12                 [[0.5547450038439137, 0.14069813717307955, 0.05505656298640538, -0.26982088452749864], [0.08838874399299179, 0.6249799735954671, 0.34686515895067016, 0.3974735875061437], [-0.29352754148985327, -0.02183753056857296, 0.5689014929269587, 0.3018389983960469], [0.00618278779185788, -0.39962106833440014, 0.19035430925816899, 0.5524170434507589]]      1.086615
97   Gradient  4x4         13                          [[1.2270877214914662, 0.3904540859550467, -0.7406648487186117, -0.2925588886308016], [0.9014273315631822, 0.933578402560082, -0.615509289825575, 0.3094177682331487], [-0.7538094500019688, -0.21799808545443722, 1.0803038018678461, 0.2671976878234227], [0.5457289198795654, -0.108267663812458, -0.4300586364892065, 0.4265386199983816]]      1.902687
98   Gradient  4x4         14                        [[0.8486558648592335, 0.2548974030107489, -0.11798090640064907, -0.10570752127640859], [0.28241932689780747, 0.72063620464119, 0.424878221427782, 0.5621420581272527], [-0.613302154274239, -0.17883094577524372, 0.8372744607661997, 0.15133155574286772], [-0.06957018576466067, -0.2558542777059669, 0.636600098786062, 0.6375597155126791]]      1.296361
99   Gradient  4x4         15                 [[0.7834590452557904, 0.21090920496883303, -0.11089763383921813, -0.09999001371287719], [0.6539125174247697, 0.8353851743153005, -0.07250587972463807, 0.5406131416937991], [-0.25612492653871954, -0.04093834190103718, 0.4692855465148722, 0.12354737584675146], [0.9268119911114074, 0.14004498829859546, -0.5495453260567724, 0.6075162290069323]]      1.530964
100  Gradient  4x4         16                      [[1.0090635794049603, 0.29784986604156405, -0.5305387411600037, -0.2381048237028064], [0.38211542665595566, 0.7001584626844792, 0.26942123142419616, 0.6342615753791019], [-0.8623288402273792, -0.30354141621324726, 1.4500360476707255, 0.4357621974238236], [-0.5557619949420594, -0.4800363768098945, 1.7257508851859034, 1.362255811545537]]      2.481729
101  Gradient  4x4         17                      [[0.8877119201070172, 0.25430608395638377, -0.46540069173630905, -0.2769830410423221], [0.2679701477252916, 0.6505500234774022, 0.30247759116230766, 0.5568458184978649], [-0.6120362708284992, -0.23424796937439152, 1.2423930901025568, 0.4991992643960793], [0.6829913238445617, -0.12943893561345288, 0.5644310333105982, 1.780019312951253]]      1.807176
102  Gradient  4x4         18                     [[0.4694199639207226, 0.06043986085953623, 0.017549518834980016, -0.25638628537380115], [0.5561254352294878, 0.7541340522578626, -0.1046059201902314, 0.5175577000162288], [0.1348616054341656, 0.10058592082526974, 0.3234938519929682, 0.43942328234399153], [0.5291668156544067, -0.12474423770067045, 0.6241533786329687, 1.6387989221545916]]      1.627631
103  Gradient  4x4         19                       [[1.2726074534303051, 0.24974331859650523, -1.0016930062657279, -0.37903740788423435], [-0.1499564915931746, 0.5539555482676892, 0.7202150751405791, 0.6005086943885967], [-1.5178661176874775, -0.3042052256915302, 2.364595784518603, 0.6626427813359578], [1.1370317319790222, 0.07475744064691714, -0.26175409254699344, 1.384114086482213]]      2.991944
104  Gradient  4x4         20                    [[1.1571863594299656, 0.14788892720045954, -0.8559612889176291, -0.34267593706571475], [0.2388638883792833, 0.9501470856479077, 0.13598846686421195, 0.44880459163400377], [-1.0455696413233417, 0.1550342273857861, 1.6886352437471186, 0.49010348756993605], [0.6711239198604919, -0.29366319004651853, 0.24158960881561642, 1.3484404942425947]]      1.998277
105        EM  4x4          0                         [[0.5921962736571786, 0.7691399903684952, 0.35329907504993163, 0.045008050684312906], [0.46049164242184315, 0.3665755857953985, 0.9157651128853381, 0.2722003146653563], [0.5036830431110191, 0.7076581041622264, 0.020329142810938783, 0.2974500458308682], [0.0690449632626845, 0.7226092566659823, 0.2919992173374091, 0.4565520717500391]]      2.155944
106        EM  4x4          1                        [[1.6005821140449499, 1.0936722506593, 0.5983366931334289, 0.4810244550697801], [-0.3302270973268702, -0.08967289792505126, -0.1006160652961695, -0.21523684732681667], [-0.15582958906592814, 0.2374010433965313, 0.6088544065173545, -0.02212759881539983], [0.5712226968901668, 0.8944468469562783, 0.5185169712324005, 1.1133009322526095]]      2.242290
107        EM  4x4          2                     [[1.275379126815836, 0.5343840589198472, 0.4192074462875065, 0.3179853396198784], [-0.2603610520847658, 0.06524143757260202, -0.215563756059393, -0.15170111036409867], [-0.2476877263160154, -0.048568529842402286, 0.5759155181724156, -0.12458603953996532], [0.2100790264749493, 0.3119116863271026, 0.27538427529946174, 0.9717139872775046]]      1.394302
108        EM  4x4          3              [[1.0638811357982234, 0.19876586904273932, 0.1255440576620665, 0.15990777204293966], [-0.19835341984324203, 0.29794553072376323, -0.12059370053229775, -0.09876452237583398], [-0.23382852412682756, -0.018108365484840905, 0.6129885136538561, -0.1288782868172829], [0.05147073244897473, 0.0570161453783603, 0.06900537257950855, 0.8654382210935189]]      0.836453
109        EM  4x4          4        [[0.9536057805876487, 0.0758229656996949, -0.01895440572159955, 0.07499602210888913], [-0.1701383997862897, 0.38387842983153575, -0.07590662359075535, -0.08360346306786245], [-0.21606069262087593, 0.022781872093070497, 0.6428863135193409, -0.12653669385116986], [-0.01424319950053754, -0.020115372321669486, -0.010960872395417126, 0.8167714085587227]]      0.677983
110        EM  4x4          5         [[0.9008330650063868, 0.026585577171232853, -0.08305503365611941, 0.034255573535940956], [-0.1596053624971359, 0.41361936341449007, -0.05990350821007572, -0.08026162922907015], [-0.2030139891880638, 0.0481760393751911, 0.6604596410497575, -0.12307547710656717], [-0.039679939023816564, -0.04440241543253501, -0.03975761200271886, 0.7968704054369583]]      0.642398
111        EM  4x4          6        [[0.8764268413295023, 0.005104706191687905, -0.11148272243739006, 0.015270870434565263], [-0.15635350833248207, 0.4240582874627645, -0.05460015175995166, -0.0802209343145094], [-0.1950427837714386, 0.062076520579826204, 0.6701664116777578, -0.12025396107855305], [-0.049089020213420695, -0.05211161289128987, -0.05004160545456411, 0.7890575542594599]]      0.634621
112        EM  4x4          7       [[0.8652110647741049, -0.004695880830487714, -0.12424942076587021, 0.006465513794512009], [-0.15562233851288804, 0.4278091509753539, -0.05303618857098335, -0.08087056707156498], [-0.19057201492352863, 0.06938673392710269, 0.6753606075744198, -0.11840981769226792], [-0.05244261177692724, -0.05438697807503247, -0.05365225592519752, 0.7860588020443874]]      0.632798
113        EM  4x4          8   [[0.8600354948740233, -0.009269508447455216, -0.13005975077416887, 0.0023673550028795527], [-0.15562706256141134, 0.42918432974157605, -0.052696900152442966, -0.08147221443641672], [-0.18817737312042862, 0.07315727582759035, 0.6780756033730467, -0.11733108515202521], [-0.05358336197752414, -0.054926512479573475, -0.05487436404189327, 0.7849295455140374]]      0.632318
114        EM  4x4          9        [[0.8576295161743479, -0.011431999679351, -0.13273595669938898, 0.00044870210944120267], [-0.15577843393433244, 0.4296958018979042, -0.05270715883220071, -0.08188509974830942], [-0.18692955698559227, 0.07507797800686229, 0.6794701068524336, -0.11673803685751158], [-0.05394310878134914, -0.05496608396516431, -0.05526021408612768, 0.7845133704538724]]      0.632174
115        EM  4x4         10      [[0.8565022623582487, -0.012463483705134275, -0.1339813138758035, -0.00045524616912545737], [-0.1559130814797149, 0.4298876558070227, -0.05278465524015555, -0.08213580628057571], [-0.18629070832812936, 0.07604759475740795, 0.6801772959340867, -0.11642387075536856], [-0.05404058042867811, -0.054897327484202264, -0.05536558905756779, 0.784364332774336]]      0.632124
116        EM  4x4         11    [[0.8559702788664874, -0.012958657333239292, -0.13456587417612012, -0.0008836762550744202], [-0.15600341029782802, 0.429959850033051, -0.05285212278493273, -0.08227823739734683], [-0.18596749372268304, 0.07653377846602098, 0.6805326521443791, -0.11626127557904378], [-0.05405717922438994, -0.054829077954339084, -0.055384167304123856, 0.7843131804894674]]      0.632105
117        EM  4x4         12      [[0.8557176200149582, -0.013197525817609813, -0.13484226535050192, -0.0010878224799557965], [-0.1560574233445086, 0.4299869729265842, -0.05289708890846249, -0.0823558880014135], [-0.18580531405752324, 0.07677630767181408, 0.6807100387316211, -0.11617839908788705], [-0.05405298710972653, -0.05478208976568959, -0.055380180723843174, 0.7842968145145203]]      0.632097
118        EM  4x4         13  [[0.855596969902815, -0.013313181354098397, -0.13497374816423113, -0.0011855534962844539], [-0.15608777868110113, 0.4299970988571502, -0.052923897534828186, -0.08239707337478655], [-0.18572441584571284, 0.07689681486932595, 0.6807981638203343, -0.11613659082245449], [-0.054046056558118186, -0.054753754276767784, -0.055373037751744944, 0.7842922490794036]]      0.632093
119        EM  4x4         14       [[0.85553909319662, -0.01336933764522728, -0.13503661669342312, -0.001232528044412687], [-0.15610419860000288, 0.43000083587986926, -0.05293893903719346, -0.0824185014170402], [-0.18568423562630837, 0.07695651000330722, 0.6808417915738333, -0.11611565218189002], [-0.05404073095387908, -0.054737785761648776, -0.055367479591627744, 0.7842913821459997]]      0.632092
120        EM  4x4         15       [[0.855511223473157, -0.013396662712068018, -0.1350668059612336, -0.001255182984328158], [-0.15611285722498844, 0.4300021900265434, -0.052947066614831576, -0.08242949583327117], [-0.1856643426599953, 0.07698601109230667, 0.6808633348194182, -0.11610522005696666], [-0.05403735779033921, -0.05472914259674774, -0.055363939961679945, 0.7842915005192842]]      0.632091
121        EM  4x4         16    [[0.8554977608314034, -0.013409980430955266, -0.13508135444465433, -0.0012661400219591298], [-0.1561173424400119, 0.4300026669841387, -0.05295134920739968, -0.08243507892600771], [-0.18565451738278332, 0.07700056353627688, 0.6808739525501459, -0.11610004242233235], [-0.054035402766602965, -0.05472458561467661, -0.055361882015812325, 0.7842917737537933]]      0.632091
122        EM  4x4         17      [[0.8554912407053805, -0.013416479223293693, -0.13508838625021105, -0.0012714518523159954], [-0.15611963598131076, 0.4300028275048487, -0.05295356632664019, -0.0824378920447625], [-0.18564967344947467, 0.07700773166366304, 0.6808791781072664, -0.11609748006492102], [-0.05403432524702344, -0.05472222605992412, -0.05536074542699224, 0.7842919928924424]]      0.632090
123        EM  4x4         18         [[0.8554880761859381, -0.01341965346085476, -0.13509179330209536, -0.0012740319562796905], [-0.15612079760060354, 0.4300028773931273, -0.05295469954520407, -0.0824393010252529], [-0.1856472886918041, 0.07701125846630588, 0.6808817471181543, -0.11609621476060687], [-0.05403374996802081, -0.0547210200191166, -0.05536013772665024, 0.7842921340288023]]      0.632090
124        EM  4x4         19      [[0.8554865376156235, -0.013421204960094692, -0.1350934474232037, -0.0012752871804385456], [-0.15612138168017833, 0.4300028905159581, -0.05295527327925204, -0.08244000346918552], [-0.18564611589877286, 0.07701299213568359, 0.680883009073839, -0.11609559100405618], [-0.05403344937783833, -0.05472040942043638, -0.055359819855574206, 0.7842922165492221]]      0.632090
125        EM  4x4         20      [[0.8554857885060418, -0.013421963702950889, -0.1350942518317955, -0.001275898643775992], [-0.15612167373720554, 0.4300028924853946, -0.052955561674179925, -0.08244035240769929], [-0.18564553961788402, 0.0770138437488839, 0.680883628587421, -0.11609528391597781], [-0.054033294694508606, -0.054720102490486665, -0.055359656147285996, 0.784292262272825]]      0.632090

